%time depr_battery mo_battery depr_pv mo_pv depr_wt mo_wt
0 0 0 0 0 0 0
3600 0.13698630137 0.00171232876712 0.217294520548 0.0267123287671 0.209246575342 0.0285388127854
7200 0.27397260274 0.00342465753425 0.434589041096 0.0534246575342 0.418493150685 0.0570776255708
10800 0.41095890411 0.00513698630137 0.651883561644 0.0801369863014 0.627739726027 0.0856164383562
14400 0.547945205479 0.00684931506849 0.869178082192 0.106849315068 0.83698630137 0.114155251142
18000 0.684931506849 0.00856164383562 1.08647260274 0.133561643836 1.04623287671 0.142694063927
21600 0.821917808219 0.0102739726027 1.30376712329 0.160273972603 1.25547945205 0.171232876712
25200 0.958904109589 0.0119863013699 1.52106164384 0.18698630137 1.4647260274 0.199771689498
28800 1.09589041096 0.013698630137 1.73835616438 0.213698630137 1.67397260274 0.228310502283
32400 1.23287671233 0.0154109589041 1.95565068493 0.240410958904 1.88321917808 0.256849315068
36000 1.3698630137 0.0171232876712 2.17294520548 0.267123287671 2.09246575342 0.285388127854
39600 1.50684931507 0.0188356164384 2.39023972603 0.293835616438 2.30171232877 0.313926940639
43200 1.64383561644 0.0205479452055 2.60753424658 0.320547945205 2.51095890411 0.342465753425
46800 1.78082191781 0.0222602739726 2.82482876712 0.347260273973 2.72020547945 0.37100456621
50400 1.91780821918 0.0239726027397 3.04212328767 0.37397260274 2.92945205479 0.399543378995
54000 2.05479452055 0.0256849315068 3.25941780822 0.400684931507 3.13869863014 0.428082191781
57600 2.19178082192 0.027397260274 3.47671232877 0.427397260274 3.34794520548 0.456621004566
61200 2.32876712329 0.0291095890411 3.69400684932 0.454109589041 3.55719178082 0.485159817352
64800 2.46575342466 0.0308219178082 3.91130136986 0.480821917808 3.76643835616 0.513698630137
68400 2.60273972603 0.0325342465753 4.12859589041 0.507534246575 3.97568493151 0.542237442922
72000 2.7397260274 0.0342465753425 4.34589041096 0.534246575342 4.18493150685 0.570776255708
75600 2.87671232877 0.0359589041096 4.56318493151 0.56095890411 4.39417808219 0.599315068493
79200 3.01369863014 0.0376712328767 4.78047945205 0.587671232877 4.60342465753 0.627853881279
82800 3.15068493151 0.0393835616438 4.9977739726 0.614383561644 4.81267123288 0.656392694064
86400 3.28767123288 0.041095890411 5.21506849315 0.641095890411 5.02191780822 0.684931506849
90000 3.42465753425 0.0428082191781 5.4323630137 0.667808219178 5.23116438356 0.713470319635
93600 3.56164383562 0.0445205479452 5.64965753425 0.694520547945 5.4404109589 0.74200913242
97200 3.69863013699 0.0462328767123 5.86695205479 0.721232876712 5.64965753425 0.770547945205
100800 3.83561643836 0.0479452054795 6.08424657534 0.747945205479 5.85890410959 0.799086757991
104400 3.97260273973 0.0496575342466 6.30154109589 0.774657534247 6.06815068493 0.827625570776
108000 4.1095890411 0.0513698630137 6.51883561644 0.801369863014 6.27739726027 0.856164383562
111600 4.24657534247 0.0530821917808 6.73613013699 0.828082191781 6.48664383562 0.884703196347
115200 4.38356164384 0.0547945205479 6.95342465753 0.854794520548 6.69589041096 0.913242009132
118800 4.52054794521 0.0565068493151 7.17071917808 0.881506849315 6.9051369863 0.941780821918
122400 4.65753424658 0.0582191780822 7.38801369863 0.908219178082 7.11438356164 0.970319634703
126000 4.79452054795 0.0599315068493 7.60530821918 0.934931506849 7.32363013699 0.998858447489
129600 4.93150684932 0.0616438356164 7.82260273973 0.961643835616 7.53287671233 1.02739726027
133200 5.06849315068 0.0633561643836 8.03989726027 0.988356164384 7.74212328767 1.05593607306
136800 5.20547945205 0.0650684931507 8.25719178082 1.01506849315 7.95136986301 1.08447488584
140400 5.34246575342 0.0667808219178 8.47448630137 1.04178082192 8.16061643836 1.11301369863
144000 5.47945205479 0.0684931506849 8.69178082192 1.06849315068 8.3698630137 1.14155251142
147600 5.61643835616 0.0702054794521 8.90907534247 1.09520547945 8.57910958904 1.1700913242
151200 5.75342465753 0.0719178082192 9.12636986301 1.12191780822 8.78835616438 1.19863013699
154800 5.8904109589 0.0736301369863 9.34366438356 1.14863013699 8.99760273973 1.22716894977
158400 6.02739726027 0.0753424657534 9.56095890411 1.17534246575 9.20684931507 1.25570776256
162000 6.16438356164 0.0770547945205 9.77825342466 1.20205479452 9.41609589041 1.28424657534
165600 6.30136986301 0.0787671232877 9.99554794521 1.22876712329 9.62534246575 1.31278538813
169200 6.43835616438 0.0804794520548 10.2128424658 1.25547945205 9.8345890411 1.34132420091
172800 6.57534246575 0.0821917808219 10.4301369863 1.28219178082 10.0438356164 1.3698630137
176400 6.71232876712 0.083904109589 10.6474315068 1.30890410959 10.2530821918 1.39840182648
180000 6.84931506849 0.0856164383562 10.8647260274 1.33561643836 10.4623287671 1.42694063927
183600 6.98630136986 0.0873287671233 11.0820205479 1.36232876712 10.6715753425 1.45547945205
187200 7.12328767123 0.0890410958904 11.2993150685 1.38904109589 10.8808219178 1.48401826484
190800 7.2602739726 0.0907534246575 11.516609589 1.41575342466 11.0900684932 1.51255707763
194400 7.39726027397 0.0924657534247 11.7339041096 1.44246575342 11.2993150685 1.54109589041
198000 7.53424657534 0.0941780821918 11.9511986301 1.46917808219 11.5085616438 1.5696347032
201600 7.67123287671 0.0958904109589 12.1684931507 1.49589041096 11.7178082192 1.59817351598
205200 7.80821917808 0.097602739726 12.3857876712 1.52260273973 11.9270547945 1.62671232877
208800 7.94520547945 0.0993150684932 12.6030821918 1.54931506849 12.1363013699 1.65525114155
212400 8.08219178082 0.10102739726 12.8203767123 1.57602739726 12.3455479452 1.68378995434
216000 8.21917808219 0.102739726027 13.0376712329 1.60273972603 12.5547945205 1.71232876712
219600 8.35616438356 0.104452054795 13.2549657534 1.62945205479 12.7640410959 1.74086757991
223200 8.49315068493 0.106164383562 13.472260274 1.65616438356 12.9732876712 1.76940639269
226800 8.6301369863 0.107876712329 13.6895547945 1.68287671233 13.1825342466 1.79794520548
230400 8.76712328767 0.109589041096 13.9068493151 1.7095890411 13.3917808219 1.82648401826
234000 8.90410958904 0.111301369863 14.1241438356 1.73630136986 13.6010273973 1.85502283105
237600 9.04109589041 0.11301369863 14.3414383562 1.76301369863 13.8102739726 1.88356164384
241200 9.17808219178 0.114726027397 14.5587328767 1.7897260274 14.0195205479 1.91210045662
244800 9.31506849315 0.116438356164 14.7760273973 1.81643835616 14.2287671233 1.94063926941
248400 9.45205479452 0.118150684932 14.9933219178 1.84315068493 14.4380136986 1.96917808219
252000 9.58904109589 0.119863013699 15.2106164384 1.8698630137 14.647260274 1.99771689498
255600 9.72602739726 0.121575342466 15.4279109589 1.89657534247 14.8565068493 2.02625570776
259200 9.86301369863 0.123287671233 15.6452054795 1.92328767123 15.0657534247 2.05479452055
262800 10 0.125 15.8625 1.95 15.275 2.08333333333
266400 10.1369863014 0.126712328767 16.0797945205 1.97671232877 15.4842465753 2.11187214612
270000 10.2739726027 0.128424657534 16.2970890411 2.00342465753 15.6934931507 2.1404109589
273600 10.4109589041 0.130136986301 16.5143835616 2.0301369863 15.902739726 2.16894977169
277200 10.5479452055 0.131849315068 16.7316780822 2.05684931507 16.1119863014 2.19748858447
280800 10.6849315068 0.133561643836 16.9489726027 2.08356164384 16.3212328767 2.22602739726
284400 10.8219178082 0.135273972603 17.1662671233 2.1102739726 16.5304794521 2.25456621005
288000 10.9589041096 0.13698630137 17.3835616438 2.13698630137 16.7397260274 2.28310502283
291600 11.095890411 0.138698630137 17.6008561644 2.16369863014 16.9489726027 2.31164383562
295200 11.2328767123 0.140410958904 17.8181506849 2.1904109589 17.1582191781 2.3401826484
298800 11.3698630137 0.142123287671 18.0354452055 2.21712328767 17.3674657534 2.36872146119
302400 11.5068493151 0.143835616438 18.252739726 2.24383561644 17.5767123288 2.39726027397
306000 11.6438356164 0.145547945205 18.4700342466 2.27054794521 17.7859589041 2.42579908676
309600 11.7808219178 0.147260273973 18.6873287671 2.29726027397 17.9952054795 2.45433789954
313200 11.9178082192 0.14897260274 18.9046232877 2.32397260274 18.2044520548 2.48287671233
316800 12.0547945205 0.150684931507 19.1219178082 2.35068493151 18.4136986301 2.51141552511
320400 12.1917808219 0.152397260274 19.3392123288 2.37739726027 18.6229452055 2.5399543379
324000 12.3287671233 0.154109589041 19.5565068493 2.40410958904 18.8321917808 2.56849315068
327600 12.4657534247 0.155821917808 19.7738013699 2.43082191781 19.0414383562 2.59703196347
331200 12.602739726 0.157534246575 19.9910958904 2.45753424658 19.2506849315 2.62557077626
334800 12.7397260274 0.159246575342 20.208390411 2.48424657534 19.4599315068 2.65410958904
338400 12.8767123288 0.16095890411 20.4256849315 2.51095890411 19.6691780822 2.68264840183
342000 13.0136986301 0.162671232877 20.6429794521 2.53767123288 19.8784246575 2.71118721461
345600 13.1506849315 0.164383561644 20.8602739726 2.56438356164 20.0876712329 2.7397260274
349200 13.2876712329 0.166095890411 21.0775684932 2.59109589041 20.2969178082 2.76826484018
352800 13.4246575342 0.167808219178 21.2948630137 2.61780821918 20.5061643836 2.79680365297
356400 13.5616438356 0.169520547945 21.5121575342 2.64452054795 20.7154109589 2.82534246575
360000 13.698630137 0.171232876712 21.7294520548 2.67123287671 20.9246575342 2.85388127854
363600 13.8356164384 0.172945205479 21.9467465753 2.69794520548 21.1339041096 2.88242009132
367200 13.9726027397 0.174657534247 22.1640410959 2.72465753425 21.3431506849 2.91095890411
370800 14.1095890411 0.176369863014 22.3813356164 2.75136986301 21.5523972603 2.93949771689
374400 14.2465753425 0.178082191781 22.598630137 2.77808219178 21.7616438356 2.96803652968
378000 14.3835616438 0.179794520548 22.8159246575 2.80479452055 21.970890411 2.99657534247
381600 14.5205479452 0.181506849315 23.0332191781 2.83150684932 22.1801369863 3.02511415525
385200 14.6575342466 0.183219178082 23.2505136986 2.85821917808 22.3893835616 3.05365296804
388800 14.7945205479 0.184931506849 23.4678082192 2.88493150685 22.598630137 3.08219178082
392400 14.9315068493 0.186643835616 23.6851027397 2.91164383562 22.8078767123 3.11073059361
396000 15.0684931507 0.188356164384 23.9023972603 2.93835616438 23.0171232877 3.13926940639
399600 15.2054794521 0.190068493151 24.1196917808 2.96506849315 23.226369863 3.16780821918
403200 15.3424657534 0.191780821918 24.3369863014 2.99178082192 23.4356164384 3.19634703196
406800 15.4794520548 0.193493150685 24.5542808219 3.01849315068 23.6448630137 3.22488584475
410400 15.6164383562 0.195205479452 24.7715753425 3.04520547945 23.854109589 3.25342465753
414000 15.7534246575 0.196917808219 24.988869863 3.07191780822 24.0633561644 3.28196347032
417600 15.8904109589 0.198630136986 25.2061643836 3.09863013699 24.2726027397 3.31050228311
421200 16.0273972603 0.200342465753 25.4234589041 3.12534246575 24.4818493151 3.33904109589
424800 16.1643835616 0.202054794521 25.6407534247 3.15205479452 24.6910958904 3.36757990868
428400 16.301369863 0.203767123288 25.8580479452 3.17876712329 24.9003424658 3.39611872146
432000 16.4383561644 0.205479452055 26.0753424658 3.20547945205 25.1095890411 3.42465753425
435600 16.5753424658 0.207191780822 26.2926369863 3.23219178082 25.3188356164 3.45319634703
439200 16.7123287671 0.208904109589 26.5099315068 3.25890410959 25.5280821918 3.48173515982
442800 16.8493150685 0.210616438356 26.7272260274 3.28561643836 25.7373287671 3.5102739726
446400 16.9863013699 0.212328767123 26.9445205479 3.31232876712 25.9465753425 3.53881278539
450000 17.1232876712 0.21404109589 27.1618150685 3.33904109589 26.1558219178 3.56735159817
453600 17.2602739726 0.215753424658 27.379109589 3.36575342466 26.3650684932 3.59589041096
457200 17.397260274 0.217465753425 27.5964041096 3.39246575342 26.5743150685 3.62442922374
460800 17.5342465753 0.219178082192 27.8136986301 3.41917808219 26.7835616438 3.65296803653
464400 17.6712328767 0.220890410959 28.0309931507 3.44589041096 26.9928082192 3.68150684932
468000 17.8082191781 0.222602739726 28.2482876712 3.47260273973 27.2020547945 3.7100456621
471600 17.9452054795 0.224315068493 28.4655821918 3.49931506849 27.4113013699 3.73858447489
475200 18.0821917808 0.22602739726 28.6828767123 3.52602739726 27.6205479452 3.76712328767
478800 18.2191780822 0.227739726027 28.9001712329 3.55273972603 27.8297945205 3.79566210046
482400 18.3561643836 0.229452054795 29.1174657534 3.57945205479 28.0390410959 3.82420091324
486000 18.4931506849 0.231164383562 29.334760274 3.60616438356 28.2482876712 3.85273972603
489600 18.6301369863 0.232876712329 29.5520547945 3.63287671233 28.4575342466 3.88127853881
493200 18.7671232877 0.234589041096 29.7693493151 3.6595890411 28.6667808219 3.9098173516
496800 18.904109589 0.236301369863 29.9866438356 3.68630136986 28.8760273973 3.93835616438
500400 19.0410958904 0.23801369863 30.2039383562 3.71301369863 29.0852739726 3.96689497717
504000 19.1780821918 0.239726027397 30.4212328767 3.7397260274 29.2945205479 3.99543378995
507600 19.3150684932 0.241438356164 30.6385273973 3.76643835616 29.5037671233 4.02397260274
511200 19.4520547945 0.243150684932 30.8558219178 3.79315068493 29.7130136986 4.05251141553
514800 19.5890410959 0.244863013699 31.0731164384 3.8198630137 29.922260274 4.08105022831
518400 19.7260273973 0.246575342466 31.2904109589 3.84657534247 30.1315068493 4.1095890411
522000 19.8630136986 0.248287671233 31.5077054795 3.87328767123 30.3407534247 4.13812785388
525600 20 0.25 31.725 3.9 30.55 4.16666666667
529200 20.1369863014 0.251712328767 31.9422945205 3.92671232877 30.7592465753 4.19520547945
532800 20.2739726027 0.253424657534 32.1595890411 3.95342465753 30.9684931507 4.22374429224
536400 20.4109589041 0.255136986301 32.3768835616 3.9801369863 31.177739726 4.25228310502
540000 20.5479452055 0.256849315068 32.5941780822 4.00684931507 31.3869863014 4.28082191781
543600 20.6849315068 0.258561643836 32.8114726027 4.03356164384 31.5962328767 4.30936073059
547200 20.8219178082 0.260273972603 33.0287671233 4.0602739726 31.8054794521 4.33789954338
550800 20.9589041096 0.26198630137 33.2460616438 4.08698630137 32.0147260274 4.36643835616
554400 21.095890411 0.263698630137 33.4633561644 4.11369863014 32.2239726027 4.39497716895
558000 21.2328767123 0.265410958904 33.6806506849 4.1404109589 32.4332191781 4.42351598174
561600 21.3698630137 0.267123287671 33.8979452055 4.16712328767 32.6424657534 4.45205479452
565200 21.5068493151 0.268835616438 34.115239726 4.19383561644 32.8517123288 4.48059360731
568800 21.6438356164 0.270547945205 34.3325342466 4.22054794521 33.0609589041 4.50913242009
572400 21.7808219178 0.272260273973 34.5498287671 4.24726027397 33.2702054795 4.53767123288
576000 21.9178082192 0.27397260274 34.7671232877 4.27397260274 33.4794520548 4.56621004566
579600 22.0547945205 0.275684931507 34.9844178082 4.30068493151 33.6886986301 4.59474885845
583200 22.1917808219 0.277397260274 35.2017123288 4.32739726027 33.8979452055 4.62328767123
586800 22.3287671233 0.279109589041 35.4190068493 4.35410958904 34.1071917808 4.65182648402
590400 22.4657534247 0.280821917808 35.6363013699 4.38082191781 34.3164383562 4.6803652968
594000 22.602739726 0.282534246575 35.8535958904 4.40753424658 34.5256849315 4.70890410959
597600 22.7397260274 0.284246575342 36.070890411 4.43424657534 34.7349315068 4.73744292237
601200 22.8767123288 0.28595890411 36.2881849315 4.46095890411 34.9441780822 4.76598173516
604800 23.0136986301 0.287671232877 36.5054794521 4.48767123288 35.1534246575 4.79452054795
608400 23.1506849315 0.289383561644 36.7227739726 4.51438356164 35.3626712329 4.82305936073
612000 23.2876712329 0.291095890411 36.9400684932 4.54109589041 35.5719178082 4.85159817352
615600 23.4246575342 0.292808219178 37.1573630137 4.56780821918 35.7811643836 4.8801369863
619200 23.5616438356 0.294520547945 37.3746575342 4.59452054795 35.9904109589 4.90867579909
622800 23.698630137 0.296232876712 37.5919520548 4.62123287671 36.1996575342 4.93721461187
626400 23.8356164384 0.297945205479 37.8092465753 4.64794520548 36.4089041096 4.96575342466
630000 23.9726027397 0.299657534247 38.0265410959 4.67465753425 36.6181506849 4.99429223744
633600 24.1095890411 0.301369863014 38.2438356164 4.70136986301 36.8273972603 5.02283105023
637200 24.2465753425 0.303082191781 38.461130137 4.72808219178 37.0366438356 5.05136986301
640800 24.3835616438 0.304794520548 38.6784246575 4.75479452055 37.245890411 5.0799086758
644400 24.5205479452 0.306506849315 38.8957191781 4.78150684932 37.4551369863 5.10844748858
648000 24.6575342466 0.308219178082 39.1130136986 4.80821917808 37.6643835616 5.13698630137
651600 24.7945205479 0.309931506849 39.3303082192 4.83493150685 37.873630137 5.16552511416
655200 24.9315068493 0.311643835616 39.5476027397 4.86164383562 38.0828767123 5.19406392694
658800 25.0684931507 0.313356164384 39.7648972603 4.88835616438 38.2921232877 5.22260273973
662400 25.2054794521 0.315068493151 39.9821917808 4.91506849315 38.501369863 5.25114155251
666000 25.3424657534 0.316780821918 40.1994863014 4.94178082192 38.7106164384 5.2796803653
669600 25.4794520548 0.318493150685 40.4167808219 4.96849315068 38.9198630137 5.30821917808
673200 25.6164383562 0.320205479452 40.6340753425 4.99520547945 39.129109589 5.33675799087
676800 25.7534246575 0.321917808219 40.851369863 5.02191780822 39.3383561644 5.36529680365
680400 25.8904109589 0.323630136986 41.0686643836 5.04863013699 39.5476027397 5.39383561644
684000 26.0273972603 0.325342465753 41.2859589041 5.07534246575 39.7568493151 5.42237442922
687600 26.1643835616 0.327054794521 41.5032534247 5.10205479452 39.9660958904 5.45091324201
691200 26.301369863 0.328767123288 41.7205479452 5.12876712329 40.1753424658 5.47945205479
694800 26.4383561644 0.330479452055 41.9378424658 5.15547945205 40.3845890411 5.50799086758
698400 26.5753424658 0.332191780822 42.1551369863 5.18219178082 40.5938356164 5.53652968037
702000 26.7123287671 0.333904109589 42.3724315068 5.20890410959 40.8030821918 5.56506849315
705600 26.8493150685 0.335616438356 42.5897260274 5.23561643836 41.0123287671 5.59360730594
709200 26.9863013699 0.337328767123 42.8070205479 5.26232876712 41.2215753425 5.62214611872
712800 27.1232876712 0.33904109589 43.0243150685 5.28904109589 41.4308219178 5.65068493151
716400 27.2602739726 0.340753424658 43.241609589 5.31575342466 41.6400684932 5.67922374429
720000 27.397260274 0.342465753425 43.4589041096 5.34246575342 41.8493150685 5.70776255708
723600 27.5342465753 0.344178082192 43.6761986301 5.36917808219 42.0585616438 5.73630136986
727200 27.6712328767 0.345890410959 43.8934931507 5.39589041096 42.2678082192 5.76484018265
730800 27.8082191781 0.347602739726 44.1107876712 5.42260273973 42.4770547945 5.79337899543
734400 27.9452054795 0.349315068493 44.3280821918 5.44931506849 42.6863013699 5.82191780822
738000 28.0821917808 0.35102739726 44.5453767123 5.47602739726 42.8955479452 5.850456621
741600 28.2191780822 0.352739726027 44.7626712329 5.50273972603 43.1047945205 5.87899543379
745200 28.3561643836 0.354452054795 44.9799657534 5.52945205479 43.3140410959 5.90753424658
748800 28.4931506849 0.356164383562 45.197260274 5.55616438356 43.5232876712 5.93607305936
752400 28.6301369863 0.357876712329 45.4145547945 5.58287671233 43.7325342466 5.96461187215
756000 28.7671232877 0.359589041096 45.6318493151 5.6095890411 43.9417808219 5.99315068493
759600 28.904109589 0.361301369863 45.8491438356 5.63630136986 44.1510273973 6.02168949772
763200 29.0410958904 0.36301369863 46.0664383562 5.66301369863 44.3602739726 6.0502283105
766800 29.1780821918 0.364726027397 46.2837328767 5.6897260274 44.5695205479 6.07876712329
770400 29.3150684932 0.366438356164 46.5010273973 5.71643835616 44.7787671233 6.10730593607
774000 29.4520547945 0.368150684932 46.7183219178 5.74315068493 44.9880136986 6.13584474886
777600 29.5890410959 0.369863013699 46.9356164384 5.7698630137 45.197260274 6.16438356164
781200 29.7260273973 0.371575342466 47.1529109589 5.79657534247 45.4065068493 6.19292237443
784800 29.8630136986 0.373287671233 47.3702054795 5.82328767123 45.6157534247 6.22146118721
788400 30 0.375 47.5875 5.85 45.825 6.25
792000 30.1369863014 0.376712328767 47.8047945205 5.87671232877 46.0342465753 6.27853881279
795600 30.2739726027 0.378424657534 48.0220890411 5.90342465753 46.2434931507 6.30707762557
799200 30.4109589041 0.380136986301 48.2393835616 5.9301369863 46.452739726 6.33561643836
802800 30.5479452055 0.381849315068 48.4566780822 5.95684931507 46.6619863014 6.36415525114
806400 30.6849315068 0.383561643836 48.6739726027 5.98356164384 46.8712328767 6.39269406393
810000 30.8219178082 0.385273972603 48.8912671233 6.0102739726 47.0804794521 6.42123287671
813600 30.9589041096 0.38698630137 49.1085616438 6.03698630137 47.2897260274 6.4497716895
817200 31.095890411 0.388698630137 49.3258561644 6.06369863014 47.4989726027 6.47831050228
820800 31.2328767123 0.390410958904 49.5431506849 6.0904109589 47.7082191781 6.50684931507
824400 31.3698630137 0.392123287671 49.7604452055 6.11712328767 47.9174657534 6.53538812785
828000 31.5068493151 0.393835616438 49.977739726 6.14383561644 48.1267123288 6.56392694064
831600 31.6438356164 0.395547945205 50.1950342466 6.17054794521 48.3359589041 6.59246575342
835200 31.7808219178 0.397260273973 50.4123287671 6.19726027397 48.5452054795 6.62100456621
838800 31.9178082192 0.39897260274 50.6296232877 6.22397260274 48.7544520548 6.649543379
842400 32.0547945205 0.400684931507 50.8469178082 6.25068493151 48.9636986301 6.67808219178
846000 32.1917808219 0.402397260274 51.0642123288 6.27739726027 49.1729452055 6.70662100457
849600 32.3287671233 0.404109589041 51.2815068493 6.30410958904 49.3821917808 6.73515981735
853200 32.4657534247 0.405821917808 51.4988013699 6.33082191781 49.5914383562 6.76369863014
856800 32.602739726 0.407534246575 51.7160958904 6.35753424658 49.8006849315 6.79223744292
860400 32.7397260274 0.409246575342 51.933390411 6.38424657534 50.0099315068 6.82077625571
864000 32.8767123288 0.41095890411 52.1506849315 6.41095890411 50.2191780822 6.84931506849
867600 33.0136986301 0.412671232877 52.3679794521 6.43767123288 50.4284246575 6.87785388128
871200 33.1506849315 0.414383561644 52.5852739726 6.46438356164 50.6376712329 6.90639269406
874800 33.2876712329 0.416095890411 52.8025684932 6.49109589041 50.8469178082 6.93493150685
878400 33.4246575342 0.417808219178 53.0198630137 6.51780821918 51.0561643836 6.96347031963
882000 33.5616438356 0.419520547945 53.2371575342 6.54452054795 51.2654109589 6.99200913242
885600 33.698630137 0.421232876712 53.4544520548 6.57123287671 51.4746575342 7.02054794521
889200 33.8356164384 0.422945205479 53.6717465753 6.59794520548 51.6839041096 7.04908675799
892800 33.9726027397 0.424657534247 53.8890410959 6.62465753425 51.8931506849 7.07762557078
896400 34.1095890411 0.426369863014 54.1063356164 6.65136986301 52.1023972603 7.10616438356
900000 34.2465753425 0.428082191781 54.323630137 6.67808219178 52.3116438356 7.13470319635
903600 34.3835616438 0.429794520548 54.5409246575 6.70479452055 52.520890411 7.16324200913
907200 34.5205479452 0.431506849315 54.7582191781 6.73150684932 52.7301369863 7.19178082192
910800 34.6575342466 0.433219178082 54.9755136986 6.75821917808 52.9393835616 7.2203196347
914400 34.7945205479 0.434931506849 55.1928082192 6.78493150685 53.148630137 7.24885844749
918000 34.9315068493 0.436643835616 55.4101027397 6.81164383562 53.3578767123 7.27739726027
921600 35.0684931507 0.438356164384 55.6273972603 6.83835616438 53.5671232877 7.30593607306
925200 35.2054794521 0.440068493151 55.8446917808 6.86506849315 53.776369863 7.33447488584
928800 35.3424657534 0.441780821918 56.0619863014 6.89178082192 53.9856164384 7.36301369863
932400 35.4794520548 0.443493150685 56.2792808219 6.91849315068 54.1948630137 7.39155251142
936000 35.6164383562 0.445205479452 56.4965753425 6.94520547945 54.404109589 7.4200913242
939600 35.7534246575 0.446917808219 56.713869863 6.97191780822 54.6133561644 7.44863013699
943200 35.8904109589 0.448630136986 56.9311643836 6.99863013699 54.8226027397 7.47716894977
946800 36.0273972603 0.450342465753 57.1484589041 7.02534246575 55.0318493151 7.50570776256
950400 36.1643835616 0.452054794521 57.3657534247 7.05205479452 55.2410958904 7.53424657534
954000 36.301369863 0.453767123288 57.5830479452 7.07876712329 55.4503424658 7.56278538813
957600 36.4383561644 0.455479452055 57.8003424658 7.10547945205 55.6595890411 7.59132420091
961200 36.5753424658 0.457191780822 58.0176369863 7.13219178082 55.8688356164 7.6198630137
964800 36.7123287671 0.458904109589 58.2349315068 7.15890410959 56.0780821918 7.64840182648
968400 36.8493150685 0.460616438356 58.4522260274 7.18561643836 56.2873287671 7.67694063927
972000 36.9863013699 0.462328767123 58.6695205479 7.21232876712 56.4965753425 7.70547945205
975600 37.1232876712 0.46404109589 58.8868150685 7.23904109589 56.7058219178 7.73401826484
979200 37.2602739726 0.465753424658 59.104109589 7.26575342466 56.9150684932 7.76255707763
982800 37.397260274 0.467465753425 59.3214041096 7.29246575342 57.1243150685 7.79109589041
986400 37.5342465753 0.469178082192 59.5386986301 7.31917808219 57.3335616438 7.8196347032
990000 37.6712328767 0.470890410959 59.7559931507 7.34589041096 57.5428082192 7.84817351598
993600 37.8082191781 0.472602739726 59.9732876712 7.37260273973 57.7520547945 7.87671232877
997200 37.9452054795 0.474315068493 60.1905821918 7.39931506849 57.9613013699 7.90525114155
1000800 38.0821917808 0.47602739726 60.4078767123 7.42602739726 58.1705479452 7.93378995434
1004400 38.2191780822 0.477739726027 60.6251712329 7.45273972603 58.3797945205 7.96232876712
1008000 38.3561643836 0.479452054795 60.8424657534 7.47945205479 58.5890410959 7.99086757991
1011600 38.4931506849 0.481164383562 61.059760274 7.50616438356 58.7982876712 8.01940639269
1015200 38.6301369863 0.482876712329 61.2770547945 7.53287671233 59.0075342466 8.04794520548
1018800 38.7671232877 0.484589041096 61.4943493151 7.5595890411 59.2167808219 8.07648401826
1022400 38.904109589 0.486301369863 61.7116438356 7.58630136986 59.4260273973 8.10502283105
1026000 39.0410958904 0.48801369863 61.9289383562 7.61301369863 59.6352739726 8.13356164384
1029600 39.1780821918 0.489726027397 62.1462328767 7.6397260274 59.8445205479 8.16210045662
1033200 39.3150684932 0.491438356164 62.3635273973 7.66643835616 60.0537671233 8.19063926941
1036800 39.4520547945 0.493150684932 62.5808219178 7.69315068493 60.2630136986 8.21917808219
1040400 39.5890410959 0.494863013699 62.7981164384 7.7198630137 60.472260274 8.24771689498
1044000 39.7260273973 0.496575342466 63.0154109589 7.74657534247 60.6815068493 8.27625570776
1047600 39.8630136986 0.498287671233 63.2327054795 7.77328767123 60.8907534247 8.30479452055
1051200 40 0.5 63.45 7.8 61.1 8.33333333333
1054800 40.1369863014 0.501712328767 63.6672945205 7.82671232877 61.3092465753 8.36187214612
1058400 40.2739726027 0.503424657534 63.8845890411 7.85342465753 61.5184931507 8.3904109589
1062000 40.4109589041 0.505136986301 64.1018835616 7.8801369863 61.727739726 8.41894977169
1065600 40.5479452055 0.506849315068 64.3191780822 7.90684931507 61.9369863014 8.44748858447
1069200 40.6849315068 0.508561643836 64.5364726027 7.93356164384 62.1462328767 8.47602739726
1072800 40.8219178082 0.510273972603 64.7537671233 7.9602739726 62.3554794521 8.50456621005
1076400 40.9589041096 0.51198630137 64.9710616438 7.98698630137 62.5647260274 8.53310502283
1080000 41.095890411 0.513698630137 65.1883561644 8.01369863014 62.7739726027 8.56164383562
1083600 41.2328767123 0.515410958904 65.4056506849 8.0404109589 62.9832191781 8.5901826484
1087200 41.3698630137 0.517123287671 65.6229452055 8.06712328767 63.1924657534 8.61872146119
1090800 41.5068493151 0.518835616438 65.840239726 8.09383561644 63.4017123288 8.64726027397
1094400 41.6438356164 0.520547945205 66.0575342466 8.12054794521 63.6109589041 8.67579908676
1098000 41.7808219178 0.522260273973 66.2748287671 8.14726027397 63.8202054795 8.70433789954
1101600 41.9178082192 0.52397260274 66.4921232877 8.17397260274 64.0294520548 8.73287671233
1105200 42.0547945205 0.525684931507 66.7094178082 8.20068493151 64.2386986301 8.76141552511
1108800 42.1917808219 0.527397260274 66.9267123288 8.22739726027 64.4479452055 8.7899543379
1112400 42.3287671233 0.529109589041 67.1440068493 8.25410958904 64.6571917808 8.81849315068
1116000 42.4657534247 0.530821917808 67.3613013699 8.28082191781 64.8664383562 8.84703196347
1119600 42.602739726 0.532534246575 67.5785958904 8.30753424658 65.0756849315 8.87557077626
1123200 42.7397260274 0.534246575342 67.795890411 8.33424657534 65.2849315068 8.90410958904
1126800 42.8767123288 0.53595890411 68.0131849315 8.36095890411 65.4941780822 8.93264840183
1130400 43.0136986301 0.537671232877 68.2304794521 8.38767123288 65.7034246575 8.96118721461
1134000 43.1506849315 0.539383561644 68.4477739726 8.41438356164 65.9126712329 8.9897260274
1137600 43.2876712329 0.541095890411 68.6650684932 8.44109589041 66.1219178082 9.01826484018
1141200 43.4246575342 0.542808219178 68.8823630137 8.46780821918 66.3311643836 9.04680365297
1144800 43.5616438356 0.544520547945 69.0996575342 8.49452054795 66.5404109589 9.07534246575
1148400 43.698630137 0.546232876712 69.3169520548 8.52123287671 66.7496575342 9.10388127854
1152000 43.8356164384 0.547945205479 69.5342465753 8.54794520548 66.9589041096 9.13242009132
1155600 43.9726027397 0.549657534247 69.7515410959 8.57465753425 67.1681506849 9.16095890411
1159200 44.1095890411 0.551369863014 69.9688356164 8.60136986301 67.3773972603 9.18949771689
1162800 44.2465753425 0.553082191781 70.186130137 8.62808219178 67.5866438356 9.21803652968
1166400 44.3835616438 0.554794520548 70.4034246575 8.65479452055 67.795890411 9.24657534247
1170000 44.5205479452 0.556506849315 70.6207191781 8.68150684932 68.0051369863 9.27511415525
1173600 44.6575342466 0.558219178082 70.8380136986 8.70821917808 68.2143835616 9.30365296804
1177200 44.7945205479 0.559931506849 71.0553082192 8.73493150685 68.423630137 9.33219178082
1180800 44.9315068493 0.561643835616 71.2726027397 8.76164383562 68.6328767123 9.36073059361
1184400 45.0684931507 0.563356164384 71.4898972603 8.78835616438 68.8421232877 9.38926940639
1188000 45.2054794521 0.565068493151 71.7071917808 8.81506849315 69.051369863 9.41780821918
1191600 45.3424657534 0.566780821918 71.9244863014 8.84178082192 69.2606164384 9.44634703196
1195200 45.4794520548 0.568493150685 72.1417808219 8.86849315068 69.4698630137 9.47488584475
1198800 45.6164383562 0.570205479452 72.3590753425 8.89520547945 69.679109589 9.50342465753
1202400 45.7534246575 0.571917808219 72.576369863 8.92191780822 69.8883561644 9.53196347032
1206000 45.8904109589 0.573630136986 72.7936643836 8.94863013699 70.0976027397 9.56050228311
1209600 46.0273972603 0.575342465753 73.0109589041 8.97534246575 70.3068493151 9.58904109589
1213200 46.1643835616 0.577054794521 73.2282534247 9.00205479452 70.5160958904 9.61757990868
1216800 46.301369863 0.578767123288 73.4455479452 9.02876712329 70.7253424658 9.64611872146
1220400 46.4383561644 0.580479452055 73.6628424658 9.05547945205 70.9345890411 9.67465753425
1224000 46.5753424658 0.582191780822 73.8801369863 9.08219178082 71.1438356164 9.70319634703
1227600 46.7123287671 0.583904109589 74.0974315068 9.10890410959 71.3530821918 9.73173515982
1231200 46.8493150685 0.585616438356 74.3147260274 9.13561643836 71.5623287671 9.7602739726
1234800 46.9863013699 0.587328767123 74.5320205479 9.16232876712 71.7715753425 9.78881278539
1238400 47.1232876712 0.58904109589 74.7493150685 9.18904109589 71.9808219178 9.81735159817
1242000 47.2602739726 0.590753424658 74.966609589 9.21575342466 72.1900684932 9.84589041096
1245600 47.397260274 0.592465753425 75.1839041096 9.24246575342 72.3993150685 9.87442922374
1249200 47.5342465753 0.594178082192 75.4011986301 9.26917808219 72.6085616438 9.90296803653
1252800 47.6712328767 0.595890410959 75.6184931507 9.29589041096 72.8178082192 9.93150684932
1256400 47.8082191781 0.597602739726 75.8357876712 9.32260273973 73.0270547945 9.9600456621
1260000 47.9452054795 0.599315068493 76.0530821918 9.34931506849 73.2363013699 9.98858447489
1263600 48.0821917808 0.60102739726 76.2703767123 9.37602739726 73.4455479452 10.0171232877
1267200 48.2191780822 0.602739726027 76.4876712329 9.40273972603 73.6547945205 10.0456621005
1270800 48.3561643836 0.604452054795 76.7049657534 9.42945205479 73.8640410959 10.0742009132
1274400 48.4931506849 0.606164383562 76.922260274 9.45616438356 74.0732876712 10.102739726
1278000 48.6301369863 0.607876712329 77.1395547945 9.48287671233 74.2825342466 10.1312785388
1281600 48.7671232877 0.609589041096 77.3568493151 9.5095890411 74.4917808219 10.1598173516
1285200 48.904109589 0.611301369863 77.5741438356 9.53630136986 74.7010273973 10.1883561644
1288800 49.0410958904 0.61301369863 77.7914383562 9.56301369863 74.9102739726 10.2168949772
1292400 49.1780821918 0.614726027397 78.0087328767 9.5897260274 75.1195205479 10.24543379
1296000 49.3150684932 0.616438356164 78.2260273973 9.61643835616 75.3287671233 10.2739726027
1299600 49.4520547945 0.618150684932 78.4433219178 9.64315068493 75.5380136986 10.3025114155
1303200 49.5890410959 0.619863013699 78.6606164384 9.6698630137 75.747260274 10.3310502283
1306800 49.7260273973 0.621575342466 78.8779109589 9.69657534247 75.9565068493 10.3595890411
1310400 49.8630136986 0.623287671233 79.0952054795 9.72328767123 76.1657534247 10.3881278539
1314000 50 0.625 79.3125 9.75 76.375 10.4166666667
1317600 50.1369863014 0.626712328767 79.5297945205 9.77671232877 76.5842465753 10.4452054795
1321200 50.2739726027 0.628424657534 79.7470890411 9.80342465753 76.7934931507 10.4737442922
1324800 50.4109589041 0.630136986301 79.9643835616 9.8301369863 77.002739726 10.502283105
1328400 50.5479452055 0.631849315068 80.1816780822 9.85684931507 77.2119863014 10.5308219178
1332000 50.6849315068 0.633561643836 80.3989726027 9.88356164384 77.4212328767 10.5593607306
1335600 50.8219178082 0.635273972603 80.6162671233 9.9102739726 77.6304794521 10.5878995434
1339200 50.9589041096 0.63698630137 80.8335616438 9.93698630137 77.8397260274 10.6164383562
1342800 51.095890411 0.638698630137 81.0508561644 9.96369863014 78.0489726027 10.6449771689
1346400 51.2328767123 0.640410958904 81.2681506849 9.9904109589 78.2582191781 10.6735159817
1350000 51.3698630137 0.642123287671 81.4854452055 10.0171232877 78.4674657534 10.7020547945
1353600 51.5068493151 0.643835616438 81.702739726 10.0438356164 78.6767123288 10.7305936073
1357200 51.6438356164 0.645547945205 81.9200342466 10.0705479452 78.8859589041 10.7591324201
1360800 51.7808219178 0.647260273973 82.1373287671 10.097260274 79.0952054795 10.7876712329
1364400 51.9178082192 0.64897260274 82.3546232877 10.1239726027 79.3044520548 10.8162100457
1368000 52.0547945205 0.650684931507 82.5719178082 10.1506849315 79.5136986301 10.8447488584
1371600 52.1917808219 0.652397260274 82.7892123288 10.1773972603 79.7229452055 10.8732876712
1375200 52.3287671233 0.654109589041 83.0065068493 10.204109589 79.9321917808 10.901826484
1378800 52.4657534247 0.655821917808 83.2238013699 10.2308219178 80.1414383562 10.9303652968
1382400 52.602739726 0.657534246575 83.4410958904 10.2575342466 80.3506849315 10.9589041096
1386000 52.7397260274 0.659246575342 83.658390411 10.2842465753 80.5599315068 10.9874429224
1389600 52.8767123288 0.66095890411 83.8756849315 10.3109589041 80.7691780822 11.0159817352
1393200 53.0136986301 0.662671232877 84.0929794521 10.3376712329 80.9784246575 11.0445205479
1396800 53.1506849315 0.664383561644 84.3102739726 10.3643835616 81.1876712329 11.0730593607
1400400 53.2876712329 0.666095890411 84.5275684932 10.3910958904 81.3969178082 11.1015981735
1404000 53.4246575342 0.667808219178 84.7448630137 10.4178082192 81.6061643836 11.1301369863
1407600 53.5616438356 0.669520547945 84.9621575342 10.4445205479 81.8154109589 11.1586757991
1411200 53.698630137 0.671232876712 85.1794520548 10.4712328767 82.0246575342 11.1872146119
1414800 53.8356164384 0.672945205479 85.3967465753 10.4979452055 82.2339041096 11.2157534247
1418400 53.9726027397 0.674657534247 85.6140410959 10.5246575342 82.4431506849 11.2442922374
1422000 54.1095890411 0.676369863014 85.8313356164 10.551369863 82.6523972603 11.2728310502
1425600 54.2465753425 0.678082191781 86.048630137 10.5780821918 82.8616438356 11.301369863
1429200 54.3835616438 0.679794520548 86.2659246575 10.6047945205 83.070890411 11.3299086758
1432800 54.5205479452 0.681506849315 86.4832191781 10.6315068493 83.2801369863 11.3584474886
1436400 54.6575342466 0.683219178082 86.7005136986 10.6582191781 83.4893835616 11.3869863014
1440000 54.7945205479 0.684931506849 86.9178082192 10.6849315068 83.698630137 11.4155251142
1443600 54.9315068493 0.686643835616 87.1351027397 10.7116438356 83.9078767123 11.4440639269
1447200 55.0684931507 0.688356164384 87.3523972603 10.7383561644 84.1171232877 11.4726027397
1450800 55.2054794521 0.690068493151 87.5696917808 10.7650684932 84.326369863 11.5011415525
1454400 55.3424657534 0.691780821918 87.7869863014 10.7917808219 84.5356164384 11.5296803653
1458000 55.4794520548 0.693493150685 88.0042808219 10.8184931507 84.7448630137 11.5582191781
1461600 55.6164383562 0.695205479452 88.2215753425 10.8452054795 84.954109589 11.5867579909
1465200 55.7534246575 0.696917808219 88.438869863 10.8719178082 85.1633561644 11.6152968037
1468800 55.8904109589 0.698630136986 88.6561643836 10.898630137 85.3726027397 11.6438356164
1472400 56.0273972603 0.700342465753 88.8734589041 10.9253424658 85.5818493151 11.6723744292
1476000 56.1643835616 0.702054794521 89.0907534247 10.9520547945 85.7910958904 11.700913242
1479600 56.301369863 0.703767123288 89.3080479452 10.9787671233 86.0003424658 11.7294520548
1483200 56.4383561644 0.705479452055 89.5253424658 11.0054794521 86.2095890411 11.7579908676
1486800 56.5753424658 0.707191780822 89.7426369863 11.0321917808 86.4188356164 11.7865296804
1490400 56.7123287671 0.708904109589 89.9599315068 11.0589041096 86.6280821918 11.8150684932
1494000 56.8493150685 0.710616438356 90.1772260274 11.0856164384 86.8373287671 11.8436073059
1497600 56.9863013699 0.712328767123 90.3945205479 11.1123287671 87.0465753425 11.8721461187
1501200 57.1232876712 0.71404109589 90.6118150685 11.1390410959 87.2558219178 11.9006849315
1504800 57.2602739726 0.715753424658 90.829109589 11.1657534247 87.4650684932 11.9292237443
1508400 57.397260274 0.717465753425 91.0464041096 11.1924657534 87.6743150685 11.9577625571
1512000 57.5342465753 0.719178082192 91.2636986301 11.2191780822 87.8835616438 11.9863013699
1515600 57.6712328767 0.720890410959 91.4809931507 11.245890411 88.0928082192 12.0148401826
1519200 57.8082191781 0.722602739726 91.6982876712 11.2726027397 88.3020547945 12.0433789954
1522800 57.9452054795 0.724315068493 91.9155821918 11.2993150685 88.5113013699 12.0719178082
1526400 58.0821917808 0.72602739726 92.1328767123 11.3260273973 88.7205479452 12.100456621
1530000 58.2191780822 0.727739726027 92.3501712329 11.352739726 88.9297945205 12.1289954338
1533600 58.3561643836 0.729452054795 92.5674657534 11.3794520548 89.1390410959 12.1575342466
1537200 58.4931506849 0.731164383562 92.784760274 11.4061643836 89.3482876712 12.1860730594
1540800 58.6301369863 0.732876712329 93.0020547945 11.4328767123 89.5575342466 12.2146118721
1544400 58.7671232877 0.734589041096 93.2193493151 11.4595890411 89.7667808219 12.2431506849
1548000 58.904109589 0.736301369863 93.4366438356 11.4863013699 89.9760273973 12.2716894977
1551600 59.0410958904 0.73801369863 93.6539383562 11.5130136986 90.1852739726 12.3002283105
1555200 59.1780821918 0.739726027397 93.8712328767 11.5397260274 90.3945205479 12.3287671233
1558800 59.3150684932 0.741438356164 94.0885273973 11.5664383562 90.6037671233 12.3573059361
1562400 59.4520547945 0.743150684932 94.3058219178 11.5931506849 90.8130136986 12.3858447489
1566000 59.5890410959 0.744863013699 94.5231164384 11.6198630137 91.022260274 12.4143835616
1569600 59.7260273973 0.746575342466 94.7404109589 11.6465753425 91.2315068493 12.4429223744
1573200 59.8630136986 0.748287671233 94.9577054795 11.6732876712 91.4407534247 12.4714611872
1576800 60 0.75 95.175 11.7 91.65 12.5
1580400 60.1369863014 0.751712328767 95.3922945205 11.7267123288 91.8592465753 12.5285388128
1584000 60.2739726027 0.753424657534 95.6095890411 11.7534246575 92.0684931507 12.5570776256
1587600 60.4109589041 0.755136986301 95.8268835616 11.7801369863 92.277739726 12.5856164384
1591200 60.5479452055 0.756849315068 96.0441780822 11.8068493151 92.4869863014 12.6141552511
1594800 60.6849315068 0.758561643836 96.2614726027 11.8335616438 92.6962328767 12.6426940639
1598400 60.8219178082 0.760273972603 96.4787671233 11.8602739726 92.9054794521 12.6712328767
1602000 60.9589041096 0.76198630137 96.6960616438 11.8869863014 93.1147260274 12.6997716895
1605600 61.095890411 0.763698630137 96.9133561644 11.9136986301 93.3239726027 12.7283105023
1609200 61.2328767123 0.765410958904 97.1306506849 11.9404109589 93.5332191781 12.7568493151
1612800 61.3698630137 0.767123287671 97.3479452055 11.9671232877 93.7424657534 12.7853881279
1616400 61.5068493151 0.768835616438 97.565239726 11.9938356164 93.9517123288 12.8139269406
1620000 61.6438356164 0.770547945205 97.7825342466 12.0205479452 94.1609589041 12.8424657534
1623600 61.7808219178 0.772260273973 97.9998287671 12.047260274 94.3702054795 12.8710045662
1627200 61.9178082192 0.77397260274 98.2171232877 12.0739726027 94.5794520548 12.899543379
1630800 62.0547945205 0.775684931507 98.4344178082 12.1006849315 94.7886986301 12.9280821918
1634400 62.1917808219 0.777397260274 98.6517123288 12.1273972603 94.9979452055 12.9566210046
1638000 62.3287671233 0.779109589041 98.8690068493 12.154109589 95.2071917808 12.9851598174
1641600 62.4657534247 0.780821917808 99.0863013699 12.1808219178 95.4164383562 13.0136986301
1645200 62.602739726 0.782534246575 99.3035958904 12.2075342466 95.6256849315 13.0422374429
1648800 62.7397260274 0.784246575342 99.520890411 12.2342465753 95.8349315068 13.0707762557
1652400 62.8767123288 0.78595890411 99.7381849315 12.2609589041 96.0441780822 13.0993150685
1656000 63.0136986301 0.787671232877 99.9554794521 12.2876712329 96.2534246575 13.1278538813
1659600 63.1506849315 0.789383561644 100.172773973 12.3143835616 96.4626712329 13.1563926941
1663200 63.2876712329 0.791095890411 100.390068493 12.3410958904 96.6719178082 13.1849315068
1666800 63.4246575342 0.792808219178 100.607363014 12.3678082192 96.8811643836 13.2134703196
1670400 63.5616438356 0.794520547945 100.824657534 12.3945205479 97.0904109589 13.2420091324
1674000 63.698630137 0.796232876712 101.041952055 12.4212328767 97.2996575342 13.2705479452
1677600 63.8356164384 0.797945205479 101.259246575 12.4479452055 97.5089041096 13.299086758
1681200 63.9726027397 0.799657534247 101.476541096 12.4746575342 97.7181506849 13.3276255708
1684800 64.1095890411 0.801369863014 101.693835616 12.501369863 97.9273972603 13.3561643836
1688400 64.2465753425 0.803082191781 101.911130137 12.5280821918 98.1366438356 13.3847031963
1692000 64.3835616438 0.804794520548 102.128424658 12.5547945205 98.345890411 13.4132420091
1695600 64.5205479452 0.806506849315 102.345719178 12.5815068493 98.5551369863 13.4417808219
1699200 64.6575342466 0.808219178082 102.563013699 12.6082191781 98.7643835616 13.4703196347
1702800 64.7945205479 0.809931506849 102.780308219 12.6349315068 98.973630137 13.4988584475
1706400 64.9315068493 0.811643835616 102.99760274 12.6616438356 99.1828767123 13.5273972603
1710000 65.0684931507 0.813356164384 103.21489726 12.6883561644 99.3921232877 13.5559360731
1713600 65.2054794521 0.815068493151 103.432191781 12.7150684932 99.601369863 13.5844748858
1717200 65.3424657534 0.816780821918 103.649486301 12.7417808219 99.8106164384 13.6130136986
1720800 65.4794520548 0.818493150685 103.866780822 12.7684931507 100.019863014 13.6415525114
1724400 65.6164383562 0.820205479452 104.084075342 12.7952054795 100.229109589 13.6700913242
1728000 65.7534246575 0.821917808219 104.301369863 12.8219178082 100.438356164 13.698630137
1731600 65.8904109589 0.823630136986 104.518664384 12.848630137 100.64760274 13.7271689498
1735200 66.0273972603 0.825342465753 104.735958904 12.8753424658 100.856849315 13.7557077626
1738800 66.1643835616 0.827054794521 104.953253425 12.9020547945 101.06609589 13.7842465753
1742400 66.301369863 0.828767123288 105.170547945 12.9287671233 101.275342466 13.8127853881
1746000 66.4383561644 0.830479452055 105.387842466 12.9554794521 101.484589041 13.8413242009
1749600 66.5753424658 0.832191780822 105.605136986 12.9821917808 101.693835616 13.8698630137
1753200 66.7123287671 0.833904109589 105.822431507 13.0089041096 101.903082192 13.8984018265
1756800 66.8493150685 0.835616438356 106.039726027 13.0356164384 102.112328767 13.9269406393
1760400 66.9863013699 0.837328767123 106.257020548 13.0623287671 102.321575342 13.9554794521
1764000 67.1232876712 0.83904109589 106.474315068 13.0890410959 102.530821918 13.9840182648
1767600 67.2602739726 0.840753424658 106.691609589 13.1157534247 102.740068493 14.0125570776
1771200 67.397260274 0.842465753425 106.90890411 13.1424657534 102.949315068 14.0410958904
1774800 67.5342465753 0.844178082192 107.12619863 13.1691780822 103.158561644 14.0696347032
1778400 67.6712328767 0.845890410959 107.343493151 13.195890411 103.367808219 14.098173516
1782000 67.8082191781 0.847602739726 107.560787671 13.2226027397 103.577054795 14.1267123288
1785600 67.9452054795 0.849315068493 107.778082192 13.2493150685 103.78630137 14.1552511416
1789200 68.0821917808 0.85102739726 107.995376712 13.2760273973 103.995547945 14.1837899543
1792800 68.2191780822 0.852739726027 108.212671233 13.302739726 104.204794521 14.2123287671
1796400 68.3561643836 0.854452054795 108.429965753 13.3294520548 104.414041096 14.2408675799
1800000 68.4931506849 0.856164383562 108.647260274 13.3561643836 104.623287671 14.2694063927
1803600 68.6301369863 0.857876712329 108.864554795 13.3828767123 104.832534247 14.2979452055
1807200 68.7671232877 0.859589041096 109.081849315 13.4095890411 105.041780822 14.3264840183
1810800 68.904109589 0.861301369863 109.299143836 13.4363013699 105.251027397 14.3550228311
1814400 69.0410958904 0.86301369863 109.516438356 13.4630136986 105.460273973 14.3835616438
1818000 69.1780821918 0.864726027397 109.733732877 13.4897260274 105.669520548 14.4121004566
1821600 69.3150684932 0.866438356164 109.951027397 13.5164383562 105.878767123 14.4406392694
1825200 69.4520547945 0.868150684932 110.168321918 13.5431506849 106.088013699 14.4691780822
1828800 69.5890410959 0.869863013699 110.385616438 13.5698630137 106.297260274 14.497716895
1832400 69.7260273973 0.871575342466 110.602910959 13.5965753425 106.506506849 14.5262557078
1836000 69.8630136986 0.873287671233 110.820205479 13.6232876712 106.715753425 14.5547945205
1839600 70 0.875 111.0375 13.65 106.925 14.5833333333
1843200 70.1369863014 0.876712328767 111.254794521 13.6767123288 107.134246575 14.6118721461
1846800 70.2739726027 0.878424657534 111.472089041 13.7034246575 107.343493151 14.6404109589
1850400 70.4109589041 0.880136986301 111.689383562 13.7301369863 107.552739726 14.6689497717
1854000 70.5479452055 0.881849315068 111.906678082 13.7568493151 107.761986301 14.6974885845
1857600 70.6849315068 0.883561643836 112.123972603 13.7835616438 107.971232877 14.7260273973
1861200 70.8219178082 0.885273972603 112.341267123 13.8102739726 108.180479452 14.75456621
1864800 70.9589041096 0.88698630137 112.558561644 13.8369863014 108.389726027 14.7831050228
1868400 71.095890411 0.888698630137 112.775856164 13.8636986301 108.598972603 14.8116438356
1872000 71.2328767123 0.890410958904 112.993150685 13.8904109589 108.808219178 14.8401826484
1875600 71.3698630137 0.892123287671 113.210445205 13.9171232877 109.017465753 14.8687214612
1879200 71.5068493151 0.893835616438 113.427739726 13.9438356164 109.226712329 14.897260274
1882800 71.6438356164 0.895547945205 113.645034247 13.9705479452 109.435958904 14.9257990868
1886400 71.7808219178 0.897260273973 113.862328767 13.997260274 109.645205479 14.9543378995
1890000 71.9178082192 0.89897260274 114.079623288 14.0239726027 109.854452055 14.9828767123
1893600 72.0547945205 0.900684931507 114.296917808 14.0506849315 110.06369863 15.0114155251
1897200 72.1917808219 0.902397260274 114.514212329 14.0773972603 110.272945205 15.0399543379
1900800 72.3287671233 0.904109589041 114.731506849 14.104109589 110.482191781 15.0684931507
1904400 72.4657534247 0.905821917808 114.94880137 14.1308219178 110.691438356 15.0970319635
1908000 72.602739726 0.907534246575 115.16609589 14.1575342466 110.900684932 15.1255707763
1911600 72.7397260274 0.909246575342 115.383390411 14.1842465753 111.109931507 15.154109589
1915200 72.8767123288 0.91095890411 115.600684932 14.2109589041 111.319178082 15.1826484018
1918800 73.0136986301 0.912671232877 115.817979452 14.2376712329 111.528424658 15.2111872146
1922400 73.1506849315 0.914383561644 116.035273973 14.2643835616 111.737671233 15.2397260274
1926000 73.2876712329 0.916095890411 116.252568493 14.2910958904 111.946917808 15.2682648402
1929600 73.4246575342 0.917808219178 116.469863014 14.3178082192 112.156164384 15.296803653
1933200 73.5616438356 0.919520547945 116.687157534 14.3445205479 112.365410959 15.3253424658
1936800 73.698630137 0.921232876712 116.904452055 14.3712328767 112.574657534 15.3538812785
1940400 73.8356164384 0.922945205479 117.121746575 14.3979452055 112.78390411 15.3824200913
1944000 73.9726027397 0.924657534247 117.339041096 14.4246575342 112.993150685 15.4109589041
1947600 74.1095890411 0.926369863014 117.556335616 14.451369863 113.20239726 15.4394977169
1951200 74.2465753425 0.928082191781 117.773630137 14.4780821918 113.411643836 15.4680365297
1954800 74.3835616438 0.929794520548 117.990924658 14.5047945205 113.620890411 15.4965753425
1958400 74.5205479452 0.931506849315 118.208219178 14.5315068493 113.830136986 15.5251141553
1962000 74.6575342466 0.933219178082 118.425513699 14.5582191781 114.039383562 15.553652968
1965600 74.7945205479 0.934931506849 118.642808219 14.5849315068 114.248630137 15.5821917808
1969200 74.9315068493 0.936643835616 118.86010274 14.6116438356 114.457876712 15.6107305936
1972800 75.0684931507 0.938356164384 119.07739726 14.6383561644 114.667123288 15.6392694064
1976400 75.2054794521 0.940068493151 119.294691781 14.6650684932 114.876369863 15.6678082192
1980000 75.3424657534 0.941780821918 119.511986301 14.6917808219 115.085616438 15.696347032
1983600 75.4794520548 0.943493150685 119.729280822 14.7184931507 115.294863014 15.7248858447
1987200 75.6164383562 0.945205479452 119.946575342 14.7452054795 115.504109589 15.7534246575
1990800 75.7534246575 0.946917808219 120.163869863 14.7719178082 115.713356164 15.7819634703
1994400 75.8904109589 0.948630136986 120.381164384 14.798630137 115.92260274 15.8105022831
1998000 76.0273972603 0.950342465753 120.598458904 14.8253424658 116.131849315 15.8390410959
2001600 76.1643835616 0.952054794521 120.815753425 14.8520547945 116.34109589 15.8675799087
2005200 76.301369863 0.953767123288 121.033047945 14.8787671233 116.550342466 15.8961187215
2008800 76.4383561644 0.955479452055 121.250342466 14.9054794521 116.759589041 15.9246575342
2012400 76.5753424658 0.957191780822 121.467636986 14.9321917808 116.968835616 15.953196347
2016000 76.7123287671 0.958904109589 121.684931507 14.9589041096 117.178082192 15.9817351598
2019600 76.8493150685 0.960616438356 121.902226027 14.9856164384 117.387328767 16.0102739726
2023200 76.9863013699 0.962328767123 122.119520548 15.0123287671 117.596575342 16.0388127854
2026800 77.1232876712 0.96404109589 122.336815068 15.0390410959 117.805821918 16.0673515982
2030400 77.2602739726 0.965753424658 122.554109589 15.0657534247 118.015068493 16.095890411
2034000 77.397260274 0.967465753425 122.77140411 15.0924657534 118.224315068 16.1244292237
2037600 77.5342465753 0.969178082192 122.98869863 15.1191780822 118.433561644 16.1529680365
2041200 77.6712328767 0.970890410959 123.205993151 15.145890411 118.642808219 16.1815068493
2044800 77.8082191781 0.972602739726 123.423287671 15.1726027397 118.852054795 16.2100456621
2048400 77.9452054795 0.974315068493 123.640582192 15.1993150685 119.06130137 16.2385844749
2052000 78.0821917808 0.97602739726 123.857876712 15.2260273973 119.270547945 16.2671232877
2055600 78.2191780822 0.977739726027 124.075171233 15.252739726 119.479794521 16.2956621005
2059200 78.3561643836 0.979452054795 124.292465753 15.2794520548 119.689041096 16.3242009132
2062800 78.4931506849 0.981164383562 124.509760274 15.3061643836 119.898287671 16.352739726
2066400 78.6301369863 0.982876712329 124.727054795 15.3328767123 120.107534247 16.3812785388
2070000 78.7671232877 0.984589041096 124.944349315 15.3595890411 120.316780822 16.4098173516
2073600 78.904109589 0.986301369863 125.161643836 15.3863013699 120.526027397 16.4383561644
2077200 79.0410958904 0.98801369863 125.378938356 15.4130136986 120.735273973 16.4668949772
2080800 79.1780821918 0.989726027397 125.596232877 15.4397260274 120.944520548 16.49543379
2084400 79.3150684932 0.991438356164 125.813527397 15.4664383562 121.153767123 16.5239726027
2088000 79.4520547945 0.993150684932 126.030821918 15.4931506849 121.363013699 16.5525114155
2091600 79.5890410959 0.994863013699 126.248116438 15.5198630137 121.572260274 16.5810502283
2095200 79.7260273973 0.996575342466 126.465410959 15.5465753425 121.781506849 16.6095890411
2098800 79.8630136986 0.998287671233 126.682705479 15.5732876712 121.990753425 16.6381278539
2102400 80 1 126.9 15.6 122.2 16.6666666667
2106000 80.1369863014 1.00171232877 127.117294521 15.6267123288 122.409246575 16.6952054795
2109600 80.2739726027 1.00342465753 127.334589041 15.6534246575 122.618493151 16.7237442922
2113200 80.4109589041 1.0051369863 127.551883562 15.6801369863 122.827739726 16.752283105
2116800 80.5479452055 1.00684931507 127.769178082 15.7068493151 123.036986301 16.7808219178
2120400 80.6849315068 1.00856164384 127.986472603 15.7335616438 123.246232877 16.8093607306
2124000 80.8219178082 1.0102739726 128.203767123 15.7602739726 123.455479452 16.8378995434
2127600 80.9589041096 1.01198630137 128.421061644 15.7869863014 123.664726027 16.8664383562
2131200 81.095890411 1.01369863014 128.638356164 15.8136986301 123.873972603 16.8949771689
2134800 81.2328767123 1.0154109589 128.855650685 15.8404109589 124.083219178 16.9235159817
2138400 81.3698630137 1.01712328767 129.072945205 15.8671232877 124.292465753 16.9520547945
2142000 81.5068493151 1.01883561644 129.290239726 15.8938356164 124.501712329 16.9805936073
2145600 81.6438356164 1.02054794521 129.507534247 15.9205479452 124.710958904 17.0091324201
2149200 81.7808219178 1.02226027397 129.724828767 15.947260274 124.920205479 17.0376712329
2152800 81.9178082192 1.02397260274 129.942123288 15.9739726027 125.129452055 17.0662100457
2156400 82.0547945205 1.02568493151 130.159417808 16.0006849315 125.33869863 17.0947488584
2160000 82.1917808219 1.02739726027 130.376712329 16.0273972603 125.547945205 17.1232876712
2163600 82.3287671233 1.02910958904 130.594006849 16.054109589 125.757191781 17.151826484
2167200 82.4657534247 1.03082191781 130.81130137 16.0808219178 125.966438356 17.1803652968
2170800 82.602739726 1.03253424658 131.02859589 16.1075342466 126.175684932 17.2089041096
2174400 82.7397260274 1.03424657534 131.245890411 16.1342465753 126.384931507 17.2374429224
2178000 82.8767123288 1.03595890411 131.463184932 16.1609589041 126.594178082 17.2659817352
2181600 83.0136986301 1.03767123288 131.680479452 16.1876712329 126.803424658 17.2945205479
2185200 83.1506849315 1.03938356164 131.897773973 16.2143835616 127.012671233 17.3230593607
2188800 83.2876712329 1.04109589041 132.115068493 16.2410958904 127.221917808 17.3515981735
2192400 83.4246575342 1.04280821918 132.332363014 16.2678082192 127.431164384 17.3801369863
2196000 83.5616438356 1.04452054795 132.549657534 16.2945205479 127.640410959 17.4086757991
2199600 83.698630137 1.04623287671 132.766952055 16.3212328767 127.849657534 17.4372146119
2203200 83.8356164384 1.04794520548 132.984246575 16.3479452055 128.05890411 17.4657534247
2206800 83.9726027397 1.04965753425 133.201541096 16.3746575342 128.268150685 17.4942922374
2210400 84.1095890411 1.05136986301 133.418835616 16.401369863 128.47739726 17.5228310502
2214000 84.2465753425 1.05308219178 133.636130137 16.4280821918 128.686643836 17.551369863
2217600 84.3835616438 1.05479452055 133.853424658 16.4547945205 128.895890411 17.5799086758
2221200 84.5205479452 1.05650684932 134.070719178 16.4815068493 129.105136986 17.6084474886
2224800 84.6575342466 1.05821917808 134.288013699 16.5082191781 129.314383562 17.6369863014
2228400 84.7945205479 1.05993150685 134.505308219 16.5349315068 129.523630137 17.6655251142
2232000 84.9315068493 1.06164383562 134.72260274 16.5616438356 129.732876712 17.6940639269
2235600 85.0684931507 1.06335616438 134.93989726 16.5883561644 129.942123288 17.7226027397
2239200 85.2054794521 1.06506849315 135.157191781 16.6150684932 130.151369863 17.7511415525
2242800 85.3424657534 1.06678082192 135.374486301 16.6417808219 130.360616438 17.7796803653
2246400 85.4794520548 1.06849315068 135.591780822 16.6684931507 130.569863014 17.8082191781
2250000 85.6164383562 1.07020547945 135.809075342 16.6952054795 130.779109589 17.8367579909
2253600 85.7534246575 1.07191780822 136.026369863 16.7219178082 130.988356164 17.8652968037
2257200 85.8904109589 1.07363013699 136.243664384 16.748630137 131.19760274 17.8938356164
2260800 86.0273972603 1.07534246575 136.460958904 16.7753424658 131.406849315 17.9223744292
2264400 86.1643835616 1.07705479452 136.678253425 16.8020547945 131.61609589 17.950913242
2268000 86.301369863 1.07876712329 136.895547945 16.8287671233 131.825342466 17.9794520548
2271600 86.4383561644 1.08047945205 137.112842466 16.8554794521 132.034589041 18.0079908676
2275200 86.5753424658 1.08219178082 137.330136986 16.8821917808 132.243835616 18.0365296804
2278800 86.7123287671 1.08390410959 137.547431507 16.9089041096 132.453082192 18.0650684932
2282400 86.8493150685 1.08561643836 137.764726027 16.9356164384 132.662328767 18.0936073059
2286000 86.9863013699 1.08732876712 137.982020548 16.9623287671 132.871575342 18.1221461187
2289600 87.1232876712 1.08904109589 138.199315068 16.9890410959 133.080821918 18.1506849315
2293200 87.2602739726 1.09075342466 138.416609589 17.0157534247 133.290068493 18.1792237443
2296800 87.397260274 1.09246575342 138.63390411 17.0424657534 133.499315068 18.2077625571
2300400 87.5342465753 1.09417808219 138.85119863 17.0691780822 133.708561644 18.2363013699
2304000 87.6712328767 1.09589041096 139.068493151 17.095890411 133.917808219 18.2648401826
2307600 87.8082191781 1.09760273973 139.285787671 17.1226027397 134.127054795 18.2933789954
2311200 87.9452054795 1.09931506849 139.503082192 17.1493150685 134.33630137 18.3219178082
2314800 88.0821917808 1.10102739726 139.720376712 17.1760273973 134.545547945 18.350456621
2318400 88.2191780822 1.10273972603 139.937671233 17.202739726 134.754794521 18.3789954338
2322000 88.3561643836 1.10445205479 140.154965753 17.2294520548 134.964041096 18.4075342466
2325600 88.4931506849 1.10616438356 140.372260274 17.2561643836 135.173287671 18.4360730594
2329200 88.6301369863 1.10787671233 140.589554795 17.2828767123 135.382534247 18.4646118721
2332800 88.7671232877 1.1095890411 140.806849315 17.3095890411 135.591780822 18.4931506849
2336400 88.904109589 1.11130136986 141.024143836 17.3363013699 135.801027397 18.5216894977
2340000 89.0410958904 1.11301369863 141.241438356 17.3630136986 136.010273973 18.5502283105
2343600 89.1780821918 1.1147260274 141.458732877 17.3897260274 136.219520548 18.5787671233
2347200 89.3150684932 1.11643835616 141.676027397 17.4164383562 136.428767123 18.6073059361
2350800 89.4520547945 1.11815068493 141.893321918 17.4431506849 136.638013699 18.6358447489
2354400 89.5890410959 1.1198630137 142.110616438 17.4698630137 136.847260274 18.6643835616
2358000 89.7260273973 1.12157534247 142.327910959 17.4965753425 137.056506849 18.6929223744
2361600 89.8630136986 1.12328767123 142.545205479 17.5232876712 137.265753425 18.7214611872
2365200 90 1.125 142.7625 17.55 137.475 18.75
2368800 90.1369863014 1.12671232877 142.979794521 17.5767123288 137.684246575 18.7785388128
2372400 90.2739726027 1.12842465753 143.197089041 17.6034246575 137.893493151 18.8070776256
2376000 90.4109589041 1.1301369863 143.414383562 17.6301369863 138.102739726 18.8356164384
2379600 90.5479452055 1.13184931507 143.631678082 17.6568493151 138.311986301 18.8641552511
2383200 90.6849315068 1.13356164384 143.848972603 17.6835616438 138.521232877 18.8926940639
2386800 90.8219178082 1.1352739726 144.066267123 17.7102739726 138.730479452 18.9212328767
2390400 90.9589041096 1.13698630137 144.283561644 17.7369863014 138.939726027 18.9497716895
2394000 91.095890411 1.13869863014 144.500856164 17.7636986301 139.148972603 18.9783105023
2397600 91.2328767123 1.1404109589 144.718150685 17.7904109589 139.358219178 19.0068493151
2401200 91.3698630137 1.14212328767 144.935445205 17.8171232877 139.567465753 19.0353881279
2404800 91.5068493151 1.14383561644 145.152739726 17.8438356164 139.776712329 19.0639269406
2408400 91.6438356164 1.14554794521 145.370034247 17.8705479452 139.985958904 19.0924657534
2412000 91.7808219178 1.14726027397 145.587328767 17.897260274 140.195205479 19.1210045662
2415600 91.9178082192 1.14897260274 145.804623288 17.9239726027 140.404452055 19.149543379
2419200 92.0547945205 1.15068493151 146.021917808 17.9506849315 140.61369863 19.1780821918
2422800 92.1917808219 1.15239726027 146.239212329 17.9773972603 140.822945205 19.2066210046
2426400 92.3287671233 1.15410958904 146.456506849 18.004109589 141.032191781 19.2351598174
2430000 92.4657534247 1.15582191781 146.67380137 18.0308219178 141.241438356 19.2636986301
2433600 92.602739726 1.15753424658 146.89109589 18.0575342466 141.450684932 19.2922374429
2437200 92.7397260274 1.15924657534 147.108390411 18.0842465753 141.659931507 19.3207762557
2440800 92.8767123288 1.16095890411 147.325684932 18.1109589041 141.869178082 19.3493150685
2444400 93.0136986301 1.16267123288 147.542979452 18.1376712329 142.078424658 19.3778538813
2448000 93.1506849315 1.16438356164 147.760273973 18.1643835616 142.287671233 19.4063926941
2451600 93.2876712329 1.16609589041 147.977568493 18.1910958904 142.496917808 19.4349315068
2455200 93.4246575342 1.16780821918 148.194863014 18.2178082192 142.706164384 19.4634703196
2458800 93.5616438356 1.16952054795 148.412157534 18.2445205479 142.915410959 19.4920091324
2462400 93.698630137 1.17123287671 148.629452055 18.2712328767 143.124657534 19.5205479452
2466000 93.8356164384 1.17294520548 148.846746575 18.2979452055 143.33390411 19.549086758
2469600 93.9726027397 1.17465753425 149.064041096 18.3246575342 143.543150685 19.5776255708
2473200 94.1095890411 1.17636986301 149.281335616 18.351369863 143.75239726 19.6061643836
2476800 94.2465753425 1.17808219178 149.498630137 18.3780821918 143.961643836 19.6347031963
2480400 94.3835616438 1.17979452055 149.715924658 18.4047945205 144.170890411 19.6632420091
2484000 94.5205479452 1.18150684932 149.933219178 18.4315068493 144.380136986 19.6917808219
2487600 94.6575342466 1.18321917808 150.150513699 18.4582191781 144.589383562 19.7203196347
2491200 94.7945205479 1.18493150685 150.367808219 18.4849315068 144.798630137 19.7488584475
2494800 94.9315068493 1.18664383562 150.58510274 18.5116438356 145.007876712 19.7773972603
2498400 95.0684931507 1.18835616438 150.80239726 18.5383561644 145.217123288 19.8059360731
2502000 95.2054794521 1.19006849315 151.019691781 18.5650684932 145.426369863 19.8344748858
2505600 95.3424657534 1.19178082192 151.236986301 18.5917808219 145.635616438 19.8630136986
2509200 95.4794520548 1.19349315068 151.454280822 18.6184931507 145.844863014 19.8915525114
2512800 95.6164383562 1.19520547945 151.671575342 18.6452054795 146.054109589 19.9200913242
2516400 95.7534246575 1.19691780822 151.888869863 18.6719178082 146.263356164 19.948630137
2520000 95.8904109589 1.19863013699 152.106164384 18.698630137 146.47260274 19.9771689498
2523600 96.0273972603 1.20034246575 152.323458904 18.7253424658 146.681849315 20.0057077626
2527200 96.1643835616 1.20205479452 152.540753425 18.7520547945 146.89109589 20.0342465753
2530800 96.301369863 1.20376712329 152.758047945 18.7787671233 147.100342466 20.0627853881
2534400 96.4383561644 1.20547945205 152.975342466 18.8054794521 147.309589041 20.0913242009
2538000 96.5753424658 1.20719178082 153.192636986 18.8321917808 147.518835616 20.1198630137
2541600 96.7123287671 1.20890410959 153.409931507 18.8589041096 147.728082192 20.1484018265
2545200 96.8493150685 1.21061643836 153.627226027 18.8856164384 147.937328767 20.1769406393
2548800 96.9863013699 1.21232876712 153.844520548 18.9123287671 148.146575342 20.2054794521
2552400 97.1232876712 1.21404109589 154.061815068 18.9390410959 148.355821918 20.2340182648
2556000 97.2602739726 1.21575342466 154.279109589 18.9657534247 148.565068493 20.2625570776
2559600 97.397260274 1.21746575342 154.49640411 18.9924657534 148.774315068 20.2910958904
2563200 97.5342465753 1.21917808219 154.71369863 19.0191780822 148.983561644 20.3196347032
2566800 97.6712328767 1.22089041096 154.930993151 19.045890411 149.192808219 20.348173516
2570400 97.8082191781 1.22260273973 155.148287671 19.0726027397 149.402054795 20.3767123288
2574000 97.9452054795 1.22431506849 155.365582192 19.0993150685 149.61130137 20.4052511416
2577600 98.0821917808 1.22602739726 155.582876712 19.1260273973 149.820547945 20.4337899543
2581200 98.2191780822 1.22773972603 155.800171233 19.152739726 150.029794521 20.4623287671
2584800 98.3561643836 1.22945205479 156.017465753 19.1794520548 150.239041096 20.4908675799
2588400 98.4931506849 1.23116438356 156.234760274 19.2061643836 150.448287671 20.5194063927
